18000006
18000007
18000010
18000011
18000026
18000027
18000030
18000031
18000046
18000047
18000050
18000051
18000066
18000067
18000070
18000084
18000085
18000088
18000089
18000092
18000093
18000102
18000103
18000114
18000118
18000119
18000122
18000123
18000135
18000138
18000139
18000142
18000143
18000154
18000155
18000158
18000159
18000162
18000163
18000174
18000175
18000178
18000179
18000180
18000181
18000196
18000197
18000206
18000207
18000210
18000211
18000226
18000227
18000230
18000231
18000246
18000247
18000250
18000251
18000266
18000267
18000270
18000271
18000284
18000285
18000288
18000289
18000292
18000293
18000302
18000303
18000314
18000315
18000318
18000319
18000322
18000323
18000334
18000335
18000338
18000339
18000342
18000343
18000354
18000355
18000358
18000359
18000362
18000363
18000374
18000375
18000378
18000380
18000381
18000396
18000397
18000400
18000401
18000416
18000417
18000420
18000421
18000436
18000437
18000440
18000441
18000456
18000457
18000460
18000461
18000476
18000477
18000482
18000483
18000494
18000495
18000498
18000499
18000504
18000505
18000508
18000509
18000512
18000513
18000524
18000525
18000528
18000529
18000532
18000533
18000544
18000545
18000548
18000549
18000552
18000553
18000564
18000565
18000568
18000569
18000572
18000573
18000586
18000587
18000590
18000591
18000600
18000601
18000616
18000617
18000620
18000621
18000636
18000637
18000640
18000641
18000656
18000657
18000660
18000661
18000676
18000677
18000682
18000683
18000695
18000698
18000699
18000704
18000708
18000709
18000712
18000713
18000724
18000725
18000728
18000732
18000745
18000748
18000749
18000752
18000764
18000768
18000769
18000772
18000773
18000787
18000790
18000791
18000800
18000801
18000817
18000820
18000836
18000837
18000840
18000856
18000857
18000860
18000861
18000866
18000876
18000877
18000882
18000883
18000894
18000895
18000899
18000904
18000905
18000908
18000909
18000912
18000913
18000924
18000925
18000928
18000929
18000932
18000933
18000944
18000945
18000948
18000949
18000952
18000953
18000964
18000965
18000968
18000969
18000972
18000973
18000986
18000987
18000990
18000991
18001006
18001007
18001010
18001011
18001026
18001027
18001030
18001031
18001046
18001047
18001050
18001051
18001066
18001067
18001070
18001071
18001084
18001085
18001088
18001089
18001093
18001103
18001114
18001115
18001118
18001119
18001122
18001123
18001134
18001135
18001138
18001139
18001142
18001143
18001154
18001155
18001158
18001159
18001162
18001163
18001174
18001175
18001178
18001179
18001181
18001196
18001197
18001206
18001211
18001226
18001227
18001230
18001231
18001246
18001247
18001250
18001251
18001266
18001267
18001270
18001284
18001285
18001288
18001289
18001292
18001293
18001302
18001303
18001314
18001315
18001318
18001319
18001322
18001323
18001324
18001334
18001335
18001339
18001342
18001354
18001355
18001358
18001359
18001362
18001363
18001374
18001375
18001378
18001379
18001380
18001381
18001396
18001397
18001400
18001416
18001417
18001420
18001421
18001436
18001437
18001440
18001441
18001456
18001457
18001461
18001476
18001477
18001482
18001483
18001494
18001495
18001498
18001499
18001504
18001505
18001508
18001509
18001512
18001513
18001524
18001525
18001528
18001529
18001532
18001533
18001544
18001545
18001548
18001549
18001552
18001553
18001565
18001568
18001569
18001572
18001573
18001586
18001587
18001590
18001591
18001600
18001601
18001616
18001617
18001636
18001640
18001641
18001656
18001657
18001660
18001676
18001683
18001695
18001699
18001704
18001705
18001709
18001712
18001713
18001724
18001725
18001728
18001729
18001744
18001745
18001748
18001749
18001752
18001753
18001765
18001768
18001769
18001772
18001773
18001774
18001786
18001787
18001790
18001791
18001800
18001801
18001817
18001820
18001821
18001836
18001841
18001856
18001857
18001860
18001861
18001876
18001877
18001882
18001894
18001895
18001898
18001899
18001904
18001905
18001908
18001909
18001912
18001913
18001924
18001925
18001928
18001929
18001932
18001933
18001945
18001949
18001952
18001953
18001964
18001965
18001968
18001969
18001972
18001986
18001987
18001990
18001991
18002000
18002001
18002016
18002017
18002020
18002021
18002037
18002040
18002041
18002056
18002060
18002076
18002082
18002094
18002095
18002098
18002099
18002104
18002105
18002108
18002109
18002112
18002113
18002124
18002125
18002128
18002129
18002133
18002144
18002145
18002148
18002153
18002168
18002169
18002172
18002173
18002186
18002187
18002190
18002191
18002200
18002201
18002216
