14000011
14000018
14000066
14000103
14000114
14000123
14000166
14000259
14000394
14000408
14000411
14000494
14000559
14000589
14000595
14000608
14000682
14000743
14000816
14000831
14000840
14000998
14001019
14001020
14001033
14001126
14001176
14001193
14001316
14001338
14001370
14001412
14001434
14001668
14001720
14001749
14001761
14001780
14001833
14001847
14001978
14002015
14002079
14002174
14002194
14002224
14002247
14002282
14002297
14002394
14002427
14002477
14002514
14002523
14002536
14002538
14002541
14002780
14002806
14002849
14003065
14003091
14003105
14003172
14003222
14003248
14003316
14003395
14003409
14003410
14003430
14003500
14003518
14003541
14003561
14003613
14003664
14003666
14003681
14003807
14004037
14004047
14004069
14004139
14004227
14004313
14004318
14004321
14004401
14004429
14004462
14004524
14004574
14004653
14004782
14004788
14004810
14004833
14004850
14004854
14004892
14004983
