14000011
14000018
14000022
14000059
14000066
14000090
14000101
14000103
14000114
14000123
14000166
14000176
14000208
14000214
14000216
14000243
14000255
14000259
14000261
14000302
14000315
14000334
14000351
14000366
14000394
14000408
14000411
14000423
14000451
14000493
14000494
14000529
14000554
14000559
14000589
14000595
14000608
14000638
14000659
14000682
14000690
14000713
14000720
14000743
14000778
14000787
14000798
14000816
14000826
14000831
14000840
14000868
14000907
14000998
14001019
14001020
14001033
14001065
14001079
14001126
14001137
14001155
14001168
14001171
14001175
14001176
14001193
14001207
14001234
14001243
14001260
14001262
14001274
14001316
14001338
14001370
14001412
14001420
14001423
14001434
14001438
14001544
14001577
14001592
14001593
14001595
14001621
14001668
14001675
14001699
14001720
14001749
14001761
14001768
14001780
14001819
14001833
14001845
14001847
14001868
14001973
14001978
14001986
14001990
14001994
14002005
14002015
14002070
14002074
14002079
14002090
14002174
14002190
14002194
14002224
14002247
14002282
14002297
14002328
14002394
14002402
14002427
14002462
14002477
14002496
14002514
14002523
14002531
14002536
14002538
14002541
14002678
14002685
14002720
14002741
14002780
14002794
14002806
14002827
14002849
14002875
14002887
14002933
14003024
14003042
14003053
14003065
14003070
14003088
14003091
14003093
14003105
14003132
14003172
14003222
14003237
14003248
14003316
14003351
14003391
14003395
14003409
14003410
14003412
14003414
14003430
14003485
14003500
14003518
14003541
14003549
14003561
14003570
14003573
14003587
14003601
14003611
14003613
14003618
14003664
14003666
14003673
14003679
14003681
14003688
14003704
14003719
14003730
14003766
14003807
14003812
14003819
14003839
14003842
14003925
14003951
14003960
14003979
14004016
14004037
14004047
14004069
14004076
14004139
14004153
14004219
14004221
14004227
14004236
14004264
14004267
14004274
14004292
14004313
14004318
14004321
14004354
14004401
14004429
14004462
14004483
14004522
14004524
14004529
14004558
14004559
14004565
14004574
14004599
14004635
14004651
14004653
14004713
14004715
14004782
14004788
14004792
14004794
14004810
14004814
14004832
14004833
14004850
14004854
14004861
14004890
14004892
14004894
14004977
14004983
21631009
21631021
21631037
21631051
21631060
21631065
21631115
21631117
21631144
21631187
21631212
21631225
21631228
21631256
21631258
21631269
21631299
21631322
21631328
21631329
21631341
21631361
21631375
21631381
21631391
21631395
21631399
21631403
21631405
21631421
21631449
21631466
21631489
21631499
21631525
21631533
21631557
21631611
21631640
21631654
21631655
21631662
21631673
21631707
21631778
21631794
21631795
21631798
21631857
21631902
21631908
21631918
21631922
21631924
21631925
21631937
21631938
21631940
21631971
21631983
21631986
21632006
21632017
21632033
21632051
21632053
21632055
21632080
21632090
21632179
21632191
21632210
21632220
21632248
21632264
21632277
21632280
21632289
21632301
21632302
21632321
21632323
21632374
21632388
21632427
21632465
21632495
21632496
21632524
21632539
21632612
21632615
21632635
21632663
21632673
21632677
21632679
21632693
21632751
21632761
21632835
21632879
21632889
21632907
21632935
21632952
21632980
21632995
21633042
21633064
21633074
21633101
21633103
21633114
21633122
21633146
21633163
21633186
21633207
21633212
21633243
21633254
21633268
21633342
21633351
21633376
21633394
21633416
21633427
21633435
21633484
21633486
21633492
21633508
21633509
21633666
21633673
21633675
21633709
21633726
21633728
21633737
21633746
21633768
21633769
21633784
21633786
21633795
21633808
21633813
21633814
21633847
21633875
21633882
21633905
21633946
21633989
21634017
21634069
21634083
21634092
21634098
21634102
21634122
21634175
21634192
21634221
21634230
21634260
21634268
21634286
21634302
21634304
21634340
21634352
21634353
21634380
21634401
21634431
21634433
21634458
21634472
21634535
21634556
21634572
21634577
21634596
21634625
21634653
21634669
21634706
21634833
21634835
21634843
21634858
21634866
21634904
21634921
21634944
21634982
21634995
21634999
21635020
21635102
21635113
21635126
21635191
21635197
21635210
21635218
21635219
21635250
21635266
21635291
21635293
21635301
21635302
21635310
21635313
21635314
21635336
21635377
21635382
21635385
21635386
21635395
21635408
21635429
21635432
21635556
21635575
21635592
21635600
21635601
21635613
21635652
21635667
21635672
21635675
21635693
21635704
21635757
21635787
21635834
21635867
21635882
21635925
21635932
21635946
21635963
