Block No	Threads	Tx Count	Execution Time (ms)	Success Rate
14000011	16	0	0.00	0.0%
14000018	16	0	0.00	0.0%
14000022	16	339	8.04	100.0%
14000059	16	129	1.14	100.0%
14000066	16	0	0.00	0.0%
14000090	16	254	1.74	100.0%
14000101	16	73	0.73	98.6%
14000103	16	0	0.00	0.0%
14000114	16	0	0.00	0.0%
14000123	16	0	0.00	0.0%
14000166	16	0	0.00	0.0%
14000176	16	70	0.52	100.0%
14000208	16	218	1.61	100.0%
14000214	16	468	3.31	100.0%
14000216	16	99	0.72	100.0%
14000243	16	192	1.61	100.0%
14000255	16	244	1.63	100.0%
14000259	16	0	0.00	0.0%
14000261	16	72	0.61	100.0%
14000302	16	62	0.65	100.0%
14000315	16	333	2.56	100.0%
14000334	16	36	0.33	100.0%
14000351	16	272	1.98	99.3%
14000366	16	397	2.90	100.0%
14000394	16	0	0.00	0.0%
14000408	16	0	0.00	0.0%
14000411	16	0	0.00	0.0%
14000423	16	286	2.12	100.0%
14000451	16	188	1.40	100.0%
14000493	16	95	0.80	100.0%
14000494	16	0	0.00	0.0%
14000529	16	277	1.88	100.0%
14000554	16	28	0.26	100.0%
14000559	16	0	0.00	0.0%
14000589	16	0	0.00	0.0%
14000595	16	0	0.00	0.0%
14000608	16	0	0.00	0.0%
14000638	16	25	0.26	100.0%
14000659	16	148	1.21	100.0%
14000682	16	0	0.00	0.0%
14000690	16	117	1.06	100.0%
14000713	16	120	0.91	100.0%
14000720	16	473	3.38	100.0%
14000743	16	0	0.00	0.0%
14000778	16	75	0.60	100.0%
14000787	16	101	0.82	100.0%
14000798	16	338	2.03	100.0%
14000816	16	0	0.00	0.0%
14000826	16	81	0.88	100.0%
14000831	16	0	0.00	0.0%
14000840	16	0	0.00	0.0%
14000868	16	149	0.99	100.0%
14000907	16	332	3.59	100.0%
14000998	16	0	0.00	0.0%
14001019	16	0	0.00	0.0%
14001020	16	0	0.00	0.0%
14001033	16	0	0.00	0.0%
14001065	16	346	2.48	100.0%
14001079	16	144	1.24	100.0%
14001126	16	0	0.00	0.0%
14001137	16	153	1.26	100.0%
14001155	16	61	0.83	100.0%
14001168	16	95	0.85	100.0%
14001171	16	17	0.24	100.0%
14001175	16	6	0.07	100.0%
14001176	16	0	0.00	0.0%
14001193	16	0	0.00	0.0%
14001207	16	142	1.38	100.0%
14001234	16	32	0.31	100.0%
14001243	16	176	1.37	100.0%
14001260	16	139	0.91	100.0%
14001262	16	26	0.28	100.0%
14001274	16	166	1.32	100.0%
14001316	16	0	0.00	0.0%
14001338	16	0	0.00	0.0%
14001370	16	0	0.00	0.0%
14001412	16	0	0.00	0.0%
14001420	16	64	0.52	100.0%
14001423	16	200	1.96	100.0%
14001434	16	0	0.00	0.0%
14001438	16	68	0.76	100.0%
14001544	16	190	2.02	100.0%
14001577	16	44	0.47	100.0%
14001592	16	175	1.61	100.0%
14001593	16	163	1.39	100.0%
14001595	16	313	2.88	100.0%
14001621	16	330	3.87	100.0%
14001668	16	0	0.00	0.0%
14001675	16	692	6.76	100.0%
14001699	16	29	1.64	100.0%
14001720	16	0	0.00	0.0%
14001749	16	0	0.00	0.0%
14001761	16	0	0.00	0.0%
14001768	16	55	0.78	100.0%
14001780	16	0	0.00	0.0%
14001819	16	154	1.11	100.0%
14001833	16	0	0.00	0.0%
14001845	16	153	1.25	100.0%
14001847	16	0	0.00	0.0%
14001868	16	35	0.28	100.0%
14001973	16	131	1.02	100.0%
14001978	16	0	0.00	0.0%
14001986	16	180	1.38	100.0%
14001990	16	164	1.41	100.0%
14001994	16	336	2.64	100.0%
14002005	16	188	1.69	100.0%
14002015	16	0	0.00	0.0%
14002070	16	286	2.16	100.0%
14002074	16	91	0.79	100.0%
14002079	16	0	0.00	0.0%
14002090	16	220	1.73	100.0%
14002174	16	0	0.00	0.0%
14002190	16	26	0.24	100.0%
14002194	16	0	0.00	0.0%
14002224	16	0	0.00	0.0%
14002247	16	0	0.00	0.0%
14002282	16	0	0.00	0.0%
14002297	16	0	0.00	0.0%
14002328	16	225	1.60	100.0%
14002394	16	0	0.00	0.0%
14002402	16	197	1.41	100.0%
14002427	16	0	0.00	0.0%
14002462	16	394	2.71	100.0%
14002477	16	0	0.00	0.0%
14002496	16	74	1.05	100.0%
14002514	16	0	0.00	0.0%
14002523	16	0	0.00	0.0%
14002531	16	410	2.91	100.0%
14002536	16	0	0.00	0.0%
14002538	16	0	0.00	0.0%
14002541	16	0	0.00	0.0%
14002678	16	149	1.30	100.0%
14002685	16	12	0.13	100.0%
14002720	16	306	2.16	100.0%
14002741	16	422	3.08	100.0%
14002780	16	0	0.00	0.0%
14002794	16	333	2.51	100.0%
14002806	16	0	0.00	0.0%
14002827	16	96	0.78	100.0%
14002849	16	0	0.00	0.0%
14002875	16	136	1.02	100.0%
14002887	16	165	1.39	100.0%
14002933	16	347	2.72	100.0%
14003024	16	144	1.09	100.0%
14003042	16	407	3.02	99.8%
14003053	16	25	0.19	100.0%
14003065	16	0	0.00	0.0%
14003070	16	77	0.64	100.0%
14003088	16	321	2.25	100.0%
14003091	16	0	0.00	0.0%
14003093	16	38	0.41	100.0%
14003105	16	0	0.00	0.0%
14003132	16	755	4.87	100.0%
14003172	16	0	0.00	0.0%
14003222	16	0	0.00	0.0%
14003237	16	168	1.36	100.0%
14003248	16	0	0.00	0.0%
14003316	16	0	0.00	0.0%
14003351	16	94	0.69	100.0%
14003391	16	96	0.85	100.0%
14003395	16	0	0.00	0.0%
14003409	16	0	0.00	0.0%
14003410	16	0	0.00	0.0%
14003412	16	83	0.68	100.0%
14003414	16	691	3.89	100.0%
14003430	16	0	0.00	0.0%
14003485	16	211	1.74	100.0%
14003500	16	0	0.00	0.0%
14003518	16	0	0.00	0.0%
14003541	16	0	0.00	0.0%
14003549	16	110	0.82	100.0%
14003561	16	0	0.00	0.0%
14003570	16	75	0.66	100.0%
14003573	16	383	2.69	100.0%
14003587	16	133	1.06	100.0%
14003601	16	137	1.07	100.0%
14003611	16	35	0.33	100.0%
14003613	16	0	0.00	0.0%
14003618	16	56	0.49	100.0%
14003664	16	0	0.00	0.0%
14003666	16	0	0.00	0.0%
14003673	16	378	2.65	100.0%
14003679	16	309	2.07	100.0%
14003681	16	0	0.00	0.0%
14003688	16	227	1.77	100.0%
14003704	16	82	0.59	100.0%
14003719	16	280	1.96	100.0%
14003730	16	279	2.10	100.0%
14003766	16	263	1.97	100.0%
14003807	16	0	0.00	0.0%
14003812	16	87	0.77	100.0%
14003819	16	166	1.26	100.0%
14003839	16	187	1.33	100.0%
14003842	16	89	1.14	100.0%
14003925	16	181	1.34	100.0%
14003951	16	33	0.27	100.0%
14003960	16	72	0.57	100.0%
14003979	16	49	0.38	100.0%
14004016	16	201	1.68	100.0%
14004037	16	0	0.00	0.0%
14004047	16	0	0.00	0.0%
14004069	16	0	0.00	0.0%
14004076	16	207	1.73	100.0%
14004139	16	0	0.00	0.0%
14004153	16	176	3.68	100.0%
14004219	16	187	1.48	100.0%
14004221	16	405	3.45	100.0%
14004227	16	0	0.00	0.0%
14004236	16	181	1.52	100.0%
14004264	16	469	3.30	100.0%
14004267	16	60	0.54	100.0%
14004274	16	443	3.17	100.0%
14004292	16	115	1.26	100.0%
14004313	16	0	0.00	0.0%
14004318	16	0	0.00	0.0%
14004321	16	0	0.00	0.0%
14004354	16	337	2.68	100.0%
14004401	16	0	0.00	0.0%
14004429	16	0	0.00	0.0%
14004462	16	0	0.00	0.0%
14004483	16	388	3.09	100.0%
14004522	16	690	4.18	100.0%
14004524	16	0	0.00	0.0%
14004529	16	192	1.70	100.0%
14004558	16	340	2.73	100.0%
14004559	16	99	0.73	100.0%
14004565	16	100	1.04	100.0%
14004574	16	0	0.00	0.0%
14004599	16	170	1.19	100.0%
14004635	16	436	3.63	100.0%
14004651	16	106	0.83	100.0%
14004653	16	0	0.00	0.0%
14004713	16	132	0.94	100.0%
14004715	16	81	0.55	100.0%
14004782	16	0	0.00	0.0%
14004788	16	0	0.00	0.0%
14004792	16	350	3.42	100.0%
14004794	16	207	2.12	100.0%
14004810	16	0	0.00	0.0%
14004814	16	30	0.68	100.0%
14004832	16	23	0.19	100.0%
14004833	16	0	0.00	0.0%
14004850	16	0	0.00	0.0%
14004854	16	0	0.00	0.0%
14004861	16	177	1.39	100.0%
14004890	16	322	2.28	100.0%
14004892	16	0	0.00	0.0%
14004894	16	88	0.95	100.0%
14004977	16	104	0.88	100.0%
14004983	16	0	0.00	0.0%
21631009	16	177	3.14	100.0%
21631021	16	149	1.17	100.0%
21631037	16	221	1.48	100.0%
21631051	16	108	0.98	100.0%
21631060	16	243	1.83	99.6%
21631065	16	249	1.90	100.0%
21631115	16	174	1.34	100.0%
21631117	16	166	1.22	100.0%
21631144	16	157	1.28	100.0%
21631187	16	157	1.29	100.0%
21631212	16	139	1.00	100.0%
21631225	16	176	1.28	100.0%
21631228	16	169	1.26	100.0%
21631256	16	177	1.19	100.0%
21631258	16	161	1.18	100.0%
21631269	16	147	1.17	100.0%
21631299	16	69	0.54	100.0%
21631322	16	182	1.19	100.0%
21631328	16	162	1.19	100.0%
21631329	16	133	0.98	100.0%
21631341	16	116	0.86	100.0%
21631361	16	251	1.74	100.0%
21631375	16	215	1.68	100.0%
21631381	16	213	1.60	100.0%
21631391	16	110	0.72	100.0%
21631395	16	162	1.12	100.0%
21631399	16	157	1.16	100.0%
21631403	16	226	1.82	100.0%
21631405	16	141	1.05	100.0%
21631421	16	148	1.10	100.0%
21631449	16	204	1.54	100.0%
21631466	16	172	1.34	99.4%
21631489	16	190	1.42	100.0%
21631499	16	148	1.21	100.0%
21631525	16	239	1.81	100.0%
21631533	16	178	1.34	100.0%
21631557	16	302	2.28	100.0%
21631611	16	160	1.23	100.0%
21631640	16	133	1.03	100.0%
21631654	16	217	1.58	100.0%
21631655	16	158	1.19	100.0%
21631662	16	254	1.77	100.0%
21631673	16	175	1.33	100.0%
21631707	16	188	1.25	100.0%
21631778	16	212	1.84	100.0%
21631794	16	320	2.36	100.0%
21631795	16	188	1.37	100.0%
21631798	16	221	1.68	99.5%
21631857	16	308	2.13	100.0%
21631902	16	116	0.91	100.0%
21631908	16	205	1.53	100.0%
21631918	16	108	0.82	100.0%
21631922	16	158	1.23	100.0%
21631924	16	163	1.16	100.0%
21631925	16	148	1.02	100.0%
21631937	16	154	1.01	100.0%
21631938	16	289	1.87	100.0%
21631940	16	156	1.21	100.0%
21631971	16	134	1.26	100.0%
21631983	16	101	0.84	100.0%
21631986	16	191	1.37	100.0%
21632006	16	280	2.12	100.0%
21632017	16	55	0.54	100.0%
21632033	16	178	1.39	100.0%
21632051	16	139	1.09	100.0%
21632053	16	107	0.85	100.0%
21632055	16	65	0.51	100.0%
21632080	16	173	1.45	100.0%
21632090	16	166	1.24	100.0%
21632179	16	227	1.86	100.0%
21632191	16	63	0.58	100.0%
21632210	16	208	2.45	100.0%
21632220	16	173	1.35	100.0%
21632248	16	202	1.41	100.0%
21632264	16	148	0.88	100.0%
21632277	16	97	0.58	100.0%
21632280	16	227	1.64	100.0%
21632289	16	228	1.71	99.6%
21632301	16	146	1.06	100.0%
21632302	16	161	1.31	100.0%
21632321	16	191	1.34	100.0%
21632323	16	234	1.81	100.0%
21632374	16	114	1.02	100.0%
21632388	16	215	1.61	100.0%
21632427	16	298	2.38	100.0%
21632465	16	183	1.28	100.0%
21632495	16	244	1.80	100.0%
21632496	16	179	1.23	100.0%
21632524	16	166	1.35	100.0%
21632539	16	202	1.51	100.0%
21632612	16	131	1.02	100.0%
21632615	16	192	1.45	100.0%
21632635	16	333	2.48	100.0%
21632663	16	181	1.46	100.0%
21632673	16	200	1.40	100.0%
21632677	16	167	1.30	100.0%
21632679	16	167	1.31	100.0%
21632693	16	188	1.62	100.0%
21632751	16	225	1.78	100.0%
21632761	16	53	0.41	100.0%
21632835	16	181	1.35	100.0%
21632879	16	137	1.00	100.0%
21632889	16	230	1.76	100.0%
21632907	16	134	1.89	99.3%
21632935	16	168	2.46	100.0%
21632952	16	129	0.85	100.0%
21632980	16	170	1.32	100.0%
21632995	16	248	1.82	100.0%
21633042	16	248	1.78	100.0%
21633064	16	131	1.05	100.0%
21633074	16	188	1.45	100.0%
21633101	16	203	1.54	100.0%
21633103	16	175	1.34	100.0%
21633114	16	209	1.47	100.0%
21633122	16	130	1.12	100.0%
21633146	16	156	1.21	100.0%
21633163	16	243	1.88	100.0%
21633186	16	199	1.48	100.0%
21633207	16	161	1.23	100.0%
21633212	16	80	0.61	100.0%
21633243	16	237	1.75	100.0%
21633254	16	141	1.20	100.0%
21633268	16	192	1.44	99.5%
21633342	16	174	1.34	100.0%
21633351	16	173	1.42	100.0%
21633376	16	160	1.31	100.0%
21633394	16	245	1.82	100.0%
21633416	16	202	1.56	100.0%
21633427	16	273	2.22	100.0%
21633435	16	165	1.25	100.0%
21633484	16	152	1.21	99.3%
21633486	16	315	2.21	99.7%
21633492	16	157	1.10	100.0%
21633508	16	256	2.04	100.0%
21633509	16	89	0.77	100.0%
21633666	16	230	1.53	100.0%
21633673	16	163	1.29	100.0%
21633675	16	230	1.62	100.0%
21633709	16	232	1.57	100.0%
21633726	16	146	1.00	100.0%
21633728	16	267	2.12	100.0%
21633737	16	121	0.86	100.0%
21633746	16	111	0.90	100.0%
21633768	16	144	1.07	100.0%
21633769	16	66	0.52	100.0%
21633784	16	200	1.44	100.0%
21633786	16	174	1.37	100.0%
21633795	16	226	1.79	100.0%
21633808	16	135	0.92	100.0%
21633813	16	154	1.19	100.0%
21633814	16	185	1.43	100.0%
21633847	16	121	0.97	100.0%
21633875	16	222	1.47	100.0%
21633882	16	141	1.20	100.0%
21633905	16	123	0.97	100.0%
21633946	16	124	0.83	99.2%
21633989	16	180	1.34	100.0%
21634017	16	167	1.99	100.0%
21634069	16	53	0.48	100.0%
21634083	16	149	1.21	100.0%
21634092	16	179	1.27	100.0%
21634098	16	212	1.50	100.0%
21634102	16	144	1.08	100.0%
21634122	16	220	1.89	100.0%
21634175	16	161	1.18	100.0%
21634192	16	180	1.36	100.0%
21634221	16	250	1.83	100.0%
21634230	16	95	0.72	100.0%
21634260	16	67	0.66	100.0%
21634268	16	114	0.80	100.0%
21634286	16	236	1.81	100.0%
21634302	16	138	1.14	100.0%
21634304	16	210	1.71	100.0%
21634340	16	224	1.57	100.0%
21634352	16	163	1.26	100.0%
21634353	16	169	1.32	100.0%
21634380	16	121	0.91	100.0%
21634401	16	84	0.70	100.0%
21634431	16	154	1.26	100.0%
21634433	16	277	2.07	100.0%
21634458	16	176	1.42	100.0%
21634472	16	122	0.98	100.0%
21634535	16	261	2.04	100.0%
21634556	16	124	1.04	100.0%
21634572	16	286	2.05	100.0%
21634577	16	120	0.99	100.0%
21634596	16	193	1.55	100.0%
21634625	16	76	0.60	100.0%
21634653	16	179	1.39	100.0%
21634669	16	222	1.64	100.0%
21634706	16	70	0.52	100.0%
21634833	16	221	1.84	100.0%
21634835	16	140	1.13	100.0%
21634843	16	97	0.67	100.0%
21634858	16	127	0.91	100.0%
21634866	16	138	0.96	100.0%
21634904	16	251	2.00	100.0%
21634921	16	196	1.38	100.0%
21634944	16	152	1.08	100.0%
21634982	16	116	0.89	100.0%
21634995	16	144	1.21	100.0%
21634999	16	160	1.39	100.0%
21635020	16	137	1.09	100.0%
21635102	16	134	1.04	100.0%
21635113	16	83	0.63	100.0%
21635126	16	270	2.00	100.0%
21635191	16	177	1.30	100.0%
21635197	16	183	1.43	100.0%
21635210	16	208	1.72	100.0%
21635218	16	159	1.29	100.0%
21635219	16	183	1.20	100.0%
21635250	16	240	1.93	100.0%
21635266	16	186	1.74	100.0%
21635291	16	159	1.22	100.0%
21635293	16	164	1.12	99.4%
21635301	16	166	1.19	100.0%
21635302	16	177	1.36	100.0%
21635310	16	268	2.29	100.0%
21635313	16	188	2.08	100.0%
21635314	16	144	1.17	100.0%
21635336	16	211	1.59	100.0%
21635377	16	186	1.33	100.0%
21635382	16	151	1.09	100.0%
21635385	16	180	1.23	100.0%
21635386	16	101	0.89	100.0%
21635395	16	149	1.11	100.0%
21635408	16	171	1.31	100.0%
21635429	16	153	1.16	100.0%
21635432	16	167	1.20	100.0%
21635556	16	229	1.93	100.0%
21635575	16	172	1.24	100.0%
21635592	16	159	1.35	100.0%
21635600	16	378	2.79	100.0%
21635601	16	64	0.47	100.0%
21635613	16	19	0.28	100.0%
21635652	16	157	1.19	100.0%
21635667	16	119	0.94	100.0%
21635672	16	136	1.12	100.0%
21635675	16	170	1.30	100.0%
21635693	16	221	1.60	100.0%
21635704	16	190	1.58	100.0%
21635757	16	453	2.96	100.0%
21635787	16	185	1.48	100.0%
21635834	16	123	0.96	99.2%
21635867	16	118	0.90	99.2%
21635882	16	275	2.05	100.0%
21635925	16	146	1.15	100.0%
21635932	16	284	2.12	100.0%
21635946	16	104	0.80	100.0%
21635963	16	190	1.33	100.0%
